.Random.seed <-
c(403L, 1L, -1602805497L, 1981707502L, -1157653048L, 1423024843L, 
688646953L, -1343992968L, 2119102630L, 796650177L, -756319405L, 
-1575401470L, -221305548L, -273928521L, 1327166125L, -1883552828L, 
-104264726L, 303789141L, -1189361169L, 712806902L, -728758496L, 
-1637115677L, -1680478847L, -1108440080L, 1060205198L, 1456383481L, 
-373885045L, -944012358L, 2102909628L, -271863297L, -819290283L, 
-887244692L, -1831220030L, -849778915L, 1257643415L, -1343030018L, 
-1533139272L, 1022326939L, -1806469383L, -694986680L, 1920060278L, 
1780534961L, 752901859L, 1617431986L, -474106364L, 1069993287L, 
237602845L, -449802604L, 99436090L, 1638369413L, -668140193L, 
-1740106266L, 1659898992L, 286150547L, -2091833295L, -402020640L, 
1950715774L, -1411512823L, -1829343685L, -856780790L, -2072662036L, 
-1045773201L, -2015470683L, -371180708L, -1824676046L, -106957267L, 
1287634151L, 1937395214L, -737725464L, -1991971349L, 1696151177L, 
-1226504680L, -314913466L, 155462561L, -1025866189L, -418391134L, 
358583956L, -1141207785L, 1351392013L, 1874274852L, 718426634L, 
103172981L, -2099687729L, -854507050L, -103846528L, -880319037L, 
-104479903L, -726058544L, -458354386L, -1928906535L, -856902933L, 
-783524006L, 1831242012L, -1035141089L, -75895691L, -1953711860L, 
-524380958L, 1978842557L, 1264773687L, -745875234L, 1158124568L, 
313174907L, -129647847L, -1628215384L, -600594602L, 1442840529L, 
-2070619261L, 105422354L, -882443868L, 1499684199L, -129916227L, 
411918900L, 1035491738L, 2073331173L, -1985363585L, 1180444934L, 
-871861616L, -1713630413L, -468530991L, 2131077760L, -2073380002L, 
-661518167L, 1207946075L, 1508497770L, -1822700532L, -1888293809L, 
666975493L, 390479292L, 2053642386L, 2044574605L, 1735949255L, 
-437215058L, 1562669320L, 1738747659L, 394795497L, 1883971256L, 
-602240666L, 1586842113L, -605141869L, -665739454L, -1911058188L, 
-1904390921L, 2058503405L, 874067844L, 1171999146L, 1319857941L, 
307981743L, -305859146L, -1651086368L, 1004757795L, -1956281279L, 
-459794640L, -2118445746L, -1905027143L, -1777348149L, -780643718L, 
-1309304964L, 98293695L, -2134892395L, -1183764820L, 1400429698L, 
2086988893L, 829076311L, 485838398L, 1370063480L, 675737947L, 
-1991434055L, -1725484792L, -347520074L, -1980006159L, 1192163107L, 
1757188466L, -919133244L, 1251495815L, -1223903907L, -1940362412L, 
-2090397318L, -2025710395L, -207454689L, 1027561894L, -26043600L, 
183400915L, -934936591L, 56576288L, 2036823998L, -1079470135L, 
968865659L, -275059382L, 1397623212L, 1314907311L, -1345331611L, 
557925916L, -2111268750L, -1467851027L, -63519961L, 2118573902L, 
609769384L, -779983957L, 734027977L, 195258584L, -2071014010L, 
1410649185L, -365478413L, -1119863710L, -493520172L, 1907903447L, 
937066957L, 1343362404L, -124329654L, -819394379L, -2143805425L, 
-294741738L, 941556672L, -1110929533L, 1089879457L, -547987056L, 
167881326L, -1229714407L, -1319071573L, 484078746L, -595131300L, 
-1454177953L, -1145724107L, 1269196492L, 857568290L, 1258276477L, 
-2116953225L, 366204062L, -1649306792L, -891740782L, -1405497248L, 
-1074563828L, -701150496L, 481807714L, 218858152L, 1289734732L, 
-1354279556L, -265180878L, 1666948208L, -309081276L, 1968308696L, 
491824250L, 343180848L, -1239514436L, -1577348268L, -1183260606L, 
-1320744544L, -803211588L, 793136592L, -371602078L, 916645864L, 
1108549580L, -291912964L, -970553870L, 4717696L, 1965652212L, 
1798216328L, -1392563398L, 313464656L, -1168876948L, 1424468116L, 
520601938L, 22185696L, -1951820084L, -236586848L, -2022557822L, 
217335528L, 1757118188L, -972144580L, 1409074802L, -1353304976L, 
-1274906076L, -388339656L, 1860661274L, 2086913744L, 1745632316L, 
-764920684L, -112777086L, 1381228480L, 471968060L, -795556208L, 
-793501662L, 1726117896L, 1873419404L, 798520348L, -1472812398L, 
1323643008L, -1645722604L, 751565096L, -1517159878L, 376501456L, 
-153807764L, 1061564084L, 1241327634L, -962312224L, -594779188L, 
713645536L, 1958330914L, 286666024L, -9681652L, -859013572L, 
-2033913614L, 1898614512L, 1957236548L, 440385112L, 2136844858L, 
-1383813392L, 1858769084L, -750530028L, -1432431422L, 1781527648L, 
-1388487300L, 300273872L, -633650142L, 1262632616L, -1920269428L, 
1934339516L, -1042572238L, 1496213312L, 1226933428L, 431671112L, 
-329987398L, 1382784784L, -1577468692L, -1477721004L, 1187942162L, 
1406580640L, 1928614860L, -57486496L, -851278654L, 1394382376L, 
-1596779092L, -1862841540L, -1258768526L, -368290000L, -2129922524L, 
-1292565448L, -52649766L, -1396378224L, 236010236L, -24448108L, 
-458508478L, -27107840L, -455743940L, 243034704L, -46770526L, 
-86203576L, -1224453620L, 996587740L, 260078162L, -1146728320L, 
-1669477548L, 1095828968L, 2105245434L, -287970480L, 482143276L, 
-43603596L, 759379602L, 1028075104L, 125396620L, -789964960L, 
1890073314L, -254988120L, -938492724L, -1715314180L, -746831950L, 
167209456L, -1650924092L, 1064418136L, 818687866L, -749185616L, 
912528828L, -732167084L, 536020930L, 1400735520L, -806765636L, 
-56535472L, -616117790L, 961140072L, -557707956L, 625571068L, 
-1037460750L, 398836480L, -1986834828L, -1598401528L, -1417487942L, 
1678668752L, 197576172L, -1247891564L, 1787952850L, -1119081888L, 
320519500L, -1279459040L, -1090863486L, 1331836392L, -1930865684L, 
1017682492L, 269637234L, -421827728L, -50425564L, -790011336L, 
-1513236070L, 291630544L, -756957764L, 1378796692L, -1645803390L, 
-1351279168L, -508133572L, -944902000L, -1014797534L, -1036969464L, 
512289036L, 1644378524L, 604588562L, 1698832256L, 1618709268L, 
-345878232L, -2099472326L, -517415984L, -1392112020L, 1300320820L, 
-1781619054L, -108606112L, 498755916L, 516629472L, 2002375074L, 
-198485592L, -1717332340L, -1582543428L, -962469262L, 1508051952L, 
-1122848188L, -2050355112L, 594052154L, -339086224L, -927091652L, 
228709652L, -119686462L, 1692432096L, 1820839036L, 879155920L, 
1949059490L, 1485364264L, 1467995916L, 1740037564L, -371370190L, 
-1083810112L, -730267596L, 1850834632L, -775780166L, -392301936L, 
726605548L, -2016507308L, -521187694L, -297480928L, -1553496628L, 
351811017L, -1649701637L, 1534640844L, -430078118L, -509193649L, 
310818585L, -1331068626L, -630004932L, 1706895533L, 1321708375L, 
412573344L, 1032542206L, -237502773L, 165695693L, 957232122L, 
-1961099208L, 1361697249L, -345120109L, 76916916L, 1234696642L, 
1089823191L, 1214533153L, -563771930L, -675963676L, 944284693L, 
335369279L, -2081940520L, 1937444342L, 1498295811L, 645318981L, 
1670253922L, 1386049232L, -190232071L, 2034178347L, 1913676444L, 
-1021622070L, 1797792191L, 8381705L, -155818466L, -1758381108L, 
-1880811107L, -811977689L, 851278416L, -1033451794L, -1960763493L, 
1849486845L, -946384662L, -1057680504L, 1913699633L, 1657808291L, 
-2099211868L, -805206958L, 1192288167L, 700439537L, -974495946L, 
380959700L, 721047909L, 1909230959L, 1977733032L, 632284422L, 
174042163L, 195480213L, 740555506L, 1157260096L, -481933143L, 
-564970213L, 266595052L, 1712568058L, -861280465L, 1191708473L, 
1312782670L, -1998755940L, 1716708621L, 648540023L, -972010624L, 
1631511006L, -684960085L, -1093387859L, -782774758L, -488214312L, 
2116410689L, 2023642611L, 1798321172L, 1821440418L, 1349324471L, 
458000513L, 95633542L, 119616708L, 609014261L, 1883114591L, -224629064L, 
34815894L, 885126563L, 1230252389L, 2085552258L, -1737659920L, 
-1131913319L, 1932351883L, -923007876L, -964972886L, 309119199L, 
936140393L, 608636030L, -991837076L, 660067517L, -1960833657L, 
869640560L, -2044302322L, 337584443L, -1900941795L, -224152886L, 
-1654252056L, 1190150865L, -14827837L, 1867429316L, 140575346L, 
801569607L, -155630831L, 1415499414L, 926204916L, -1610781307L, 
-2011373361L, 314001864L, 1409427558L, -569737581L, -1661489675L, 
-333860910L, -1784460256L, -331715063L, 2030163771L, -1632920948L, 
-1048805606L, -929476209L, -673034535L, 434368878L, -1535525636L, 
1557952109L, 2063827479L, 1855125472L, 1445950398L, -1815866997L, 
-729751027L, -1359995334L, -285010312L, -138248671L, 1892102355L, 
